2019-04-20 11:49:42.660464
[0, 23.963091]
[1555753782.6604793, 1555753806.6235776]
2019-04-20 11:51:34.080957
[0, 9.168697, 26.274581, 34.555551, 53.406316, 185.615878]
[1555753894.0809736, 1555753903.249664, 1555753920.355559, 1555753928.6365223, 1555753947.4872825, 1555754079.6968668]
2019-04-20 12:32:39.868972
[0, 11.318144, 27.912235, 57.090681, 72.142645, 215.013944]
[1555756359.868993, 1555756371.1871455, 1555756387.7812467, 1555756416.9596786, 1555756432.0116265, 1555756574.8829691]
2019-04-20 12:40:24.650282
[0, 14.704488, 20.240444, 37.422021]
[1555756824.650298, 1555756839.3547995, 1555756844.8907337, 1555756862.0723302]
2019-04-20 12:41:04.087124
[0, 9.680684, 37.638061, 46.122858, 64.152423, 214.166975]
[1555756864.0871391, 1555756873.7678185, 1555756901.7251933, 1555756910.2099905, 1555756928.2395558, 1555757078.254128]
2019-04-20 13:26:52.390935
[0, 10.802582, 29.778394, 43.370643, 60.571527, 219.753393]
[1555759612.3909502, 1555759623.1935272, 1555759642.1693368, 1555759655.7615843, 1555759672.9624882, 1555759832.1443594]
2019-04-20 13:33:40.758499
[0, 10.395319, 27.619022, 34.968001, 53.19723, 179.866542]
[1555760020.758515, 1555760031.1538277, 1555760048.3775322, 1555760055.7265072, 1555760073.9557374, 1555760200.6250672]
2019-04-20 13:52:10.143332
[0, 10.94323, 26.591667, 37.545114, 57.002804, 189.628462]
[1555761130.1433473, 1555761141.0865903, 1555761156.7350082, 1555761167.6884549, 1555761187.1461434, 1555761319.771821]
2019-04-20 13:59:03.633884
[0, 8.1623, 24.145895, 31.912468, 47.791201, 179.777973]
[1555761543.6339011, 1555761551.796211, 1555761567.779795, 1555761575.5463605, 1555761591.4250934, 1555761723.4118836]
2019-04-20 14:23:04.002082
[0, 11.006787, 28.008289, 41.31717, 57.709259, 194.901637]
[1555762984.0020971, 1555762995.0088794, 1555763012.0103981, 1555763025.3192596, 1555763041.7113492, 1555763178.9037457]
2019-04-20 14:50:13.695264
[0, 10.092971, 27.624104, 40.196951, 59.251428, 226.064596]
[1555764613.6952798, 1555764623.7882452, 1555764641.3193762, 1555764653.8922257, 1555764672.946719, 1555764839.7598937]
2019-04-20 14:59:59.130419
[0, 10.849561, 28.303891, 45.190228, 62.086683, 271.193509]
[1555765199.130434, 1555765209.9799998, 1555765227.4343362, 1555765244.3206553, 1555765261.2171288, 1555765470.3239539]
2019-04-20 15:23:45.224990
[0, 6.717251, 29.422971, 42.259528]
[1555766625.2250094, 1555766631.9422536, 1555766654.6479762, 1555766667.4845455]
2019-04-20 15:24:36.407321
[0, 9.920972, 25.574571, 32.726678, 51.383377, 187.986499]
[1555766676.4073358, 1555766686.3283024, 1555766701.9819052, 1555766709.134007, 1555766727.7907052, 1555766864.3938518]
2019-04-20 15:31:25.412280
[0, 7.943945, 27.1462, 37.432128, 55.417887, 173.833146]
[1555767085.4122982, 1555767093.3562539, 1555767112.5584881, 1555767122.844416, 1555767140.8301945, 1555767259.2454531]
2019-04-20 15:57:50.650999
[0, 10.112697]
[1555768670.6510136, 1555768680.763725]
2019-04-20 16:01:21.396909
[0, 10.913449, 27.092466, 46.023021]
[1555768881.396928, 1555768892.3103807, 1555768908.489383, 1555768927.4199562]
2019-04-20 16:02:56.396517
[0, 10.873576, 26.203153, 36.647914, 66.444982, 248.5159]
[1555768976.3965378, 1555768987.2701216, 1555769002.5996964, 1555769013.0444388, 1555769042.8415253, 1555769224.912444]
2019-04-20 16:11:49.763793
[0, 11.590842, 28.898746, 40.572139, 58.359648, 251.211555]
[1555769509.7638104, 1555769521.3546445, 1555769538.6625478, 1555769550.3359404, 1555769568.1234493, 1555769760.975374]
2019-04-20 16:32:39.829226
[0, 10.802446, 30.410306, 38.955706, 55.546806, 213.043576]
[1555770759.8292453, 1555770770.6317039, 1555770790.2395406, 1555770798.7849402, 1555770815.3760405, 1555770972.8728395]
2019-04-20 16:40:56.266714
[0, 31.303872, 45.099789, 55.442834, 70.650769, 269.337274]
[1555771256.2667289, 1555771287.5705957, 1555771301.366511, 1555771311.7095745, 1555771326.917499, 1555771525.6040149]
2019-04-20 16:49:33.872862
[0, 8.87036, 30.380088, 38.716007, 55.812165, 207.851493]
[1555771773.8728805, 1555771782.7432325, 1555771804.2529573, 1555771812.588877, 1555771829.6850348, 1555771981.724385]
